https://www.pcs-company.com/
https://www.pcs-company.com/
https://www.pcs-company.com/
