https://www.pcs-company.com/80-2125p
https://www.pcs-company.com/80-2126p
https://www.pcs-company.com/80-2187p
https://www.pcs-company.com/80-2188p
https://www.pcs-company.com/80-2250p
https://www.pcs-company.com/80-2251p
https://www.pcs-company.com/80-2312p
https://www.pcs-company.com/80-2313p
https://www.pcs-company.com/80-2375p
https://www.pcs-company.com/80-2376p
https://www.pcs-company.com/80-2377p
https://www.pcs-company.com/80-2500p
https://www.pcs-company.com/80-2501p
https://www.pcs-company.com/80-2502p
https://www.pcs-company.com/80-2503p
